[gd_scene load_steps=6 format=2]

[ext_resource path="res://Items/TennisRacket.obj" type="ArrayMesh" id=1]
[ext_resource path="res://Weapon.tscn" type="PackedScene" id=2]
[ext_resource path="res://Items/tennis_nets.png" type="Texture" id=3]
[ext_resource path="res://Items/TennisRacket.gd" type="Script" id=4]

[sub_resource type="Animation" id=2]
resource_name = "Swing"
step = 0.0333333
tracks/0/type = "value"
tracks/0/path = NodePath("MeshInstance:transform")
tracks/0/interp = 2
tracks/0/loop_wrap = true
tracks/0/imported = false
tracks/0/enabled = true
tracks/0/keys = {
"times": PoolRealArray( 0, 0.132, 0.264, 0.396, 1 ),
"transitions": PoolRealArray( 1, 1, 1, 1, 1 ),
"update": 0,
"values": [ Transform( 1, 0, 0, 0, 1, 0, 0, 0, 1, 0, 0, 0 ), Transform( 0.470011, 0.804972, -0.36209, -0.882661, 0.428642, -0.19281, 2.98023e-08, 0.410225, 0.911984, 0, 0, 0 ), Transform( -0.694859, -0.108386, 0.710931, -0.535332, 0.738065, -0.410707, -0.480199, -0.665968, -0.570873, 0, 0, 0 ), Transform( -0.512254, -0.598006, 0.61643, -0.540395, 0.782288, 0.309838, -0.66751, -0.1744, -0.723889, 0, 0, 0 ), Transform( 1, 0, 0, 0, 1, 0, 0, 0, 1, 0, 0, 0 ) ]
}

[node name="TennisRacket" instance=ExtResource( 2 )]
script = ExtResource( 4 )

[node name="AnimationPlayer" type="AnimationPlayer" parent="." index="0"]
anims/Swing = SubResource( 2 )

[node name="MeshInstance" type="MeshInstance" parent="." index="1"]
mesh = ExtResource( 1 )

[node name="Sprite3D" type="Sprite3D" parent="MeshInstance" index="0"]
transform = Transform( 3.82452, 0, 0, 0, 3.82452, 0, 0, 0, 1.5908, 0, 2.39739, 0.0413198 )
texture = ExtResource( 3 )

[connection signal="animation_finished" from="AnimationPlayer" to="." method="_on_AnimationPlayer_animation_finished"]
